0.20111
0.21385
0.19602
0.22658
0.21385
0.2113
0.19602
0.1731
0.20111
0.17564
0.17819
0.18074
0.15781
0.12216
0.11706
0.094142
0.091595
0.07122
0.063579
0.055938
0.033016
0.015188
-9.374e-05
-0.023016
-0.058673
-0.06886
-0.084142
-0.10452
-0.10197
-0.12489
-0.14017
-0.16055
-0.18602
-0.21403
-0.24205
-0.27516
-0.32355
-0.34647
-0.34138
-0.35157
-0.3694
-0.38468
-0.41269
-0.41269
-0.43307
-0.47127
-0.46618
-0.49165
-0.53749
-0.53494
-0.5706
-0.58334
-0.57824
-0.60116
-0.63173
-0.63937
-0.65974
-0.64956
-0.64192
-0.6521
-0.64956
-0.67502
-0.65974
-0.62918
-0.60626
-0.58079
-0.5706
-0.56296
-0.55532
-0.5706
-0.5706
-0.58843
-0.58588
-0.60881
-0.62154
-0.62663
-0.64192
-0.6521
-0.67757
-0.70813
-0.72851
-0.72596
-0.74634
-0.76162
-0.74889
-0.79218
-0.79473
-0.79218
-0.78964
-0.79982
-0.77945
-0.77435
-0.74379
-0.72596
-0.68012
-0.63937
-0.6139
-0.63427
-0.6521
-0.66484
-0.6521
-0.66229
-0.69031
-0.68776
-0.70813
-0.75907
-0.76671
-0.7769
-0.78454
-0.82275
-0.84312
-0.85076
-0.84567
-0.86604
-0.86604
-0.86604
-0.89915
-0.90679
-0.92717
-0.93481
-0.94754
-0.97047
-0.98575
-0.96028
-0.96028
-0.93226
-0.92208
-0.92972
-0.93226
-0.95264
-0.96283
-0.98575
-1.0163
-1.0163
-1.029
-1.0214
-1.0392
-1.0469
-1.0851
-1.0902
-1.1105
-1.1462
-1.1819
-1.2073
-1.2022
-1.2073
-1.215
-1.2124
-1.2226
-1.2379
-1.2608
-1.2506
-1.2608
-1.2659
-1.2863
-1.2914
-1.2939
-1.2914
-1.3168
-1.327
-1.3398
-1.3525
-1.3678
-1.3754
-1.3958
-1.4213
-1.4009
-1.4238
-1.4289
-1.4646
-1.4722
-1.4773
-1.4798
-1.5028
-1.5155
-1.541
-1.5588
-1.5512
-1.5461
-1.5537
-1.5461
-1.5563
-1.5486
-1.5486
-1.5384
-1.5384
-1.5461
-1.5333
-1.5537
-1.5715
-1.5715
-1.5843
-1.5996
-1.6046
-1.6148
-1.6301
-1.625
-1.6327
-1.653
-1.6225
-1.6352
-1.6352
-1.6403
-1.6785
-1.6836
-1.7167
-1.7167
-1.7065
-1.704
-1.7065
-1.7244
-1.7065
-1.6989
-1.6811
-1.6811
-1.6709
-1.6811
-1.676
-1.7014
-1.6963
-1.7091
-1.7294
-1.7473
-1.7345
-1.732
-1.7549
-1.732
-1.7575
-1.7778
-1.7804
-1.7778
-1.7957
-1.8033
-1.8033
-1.8237
-1.8211
-1.8364
-1.8237
-1.8339
-1.8492
-1.8721
-1.8339
-1.8619
-1.8746
-1.8593
-1.867
-1.8721
-1.8823
-1.8746
-1.8746
-1.867
-1.8874
-1.8721
-1.8695
-1.8848
-1.9154
-1.9128
-1.9179
-1.9154
-1.9154
-1.9281
-1.9179
-1.9179
-1.8899
-1.8899
-1.895
-1.9001
-1.9052
-1.9128
-1.9052
-1.8924
-1.8874
-1.8797
-1.8848
-1.8721
-1.8619
-1.8542
-1.867
-1.867
-1.8568
-1.8619
-1.8568
-1.8517
-1.8644
-1.8695
-1.8619
-1.8517
-1.867
-1.8695
-1.8772
-1.8721
-1.8492
-1.8593
-1.8619
-1.8288
-1.8237
-1.8135
-1.8135
-1.8059
-1.8008
-1.8059
-1.8059
-1.7829
-1.7829
-1.788
-1.7651
-1.7549
-1.7269
-1.7167
-1.7116
-1.7142
-1.676
-1.6989
-1.6811
-1.6505
-1.6658
-1.6632
-1.6607
-1.6632
-1.6632
-1.6505
-1.6352
-1.625
-1.6352
-1.625
-1.6327
-1.625
-1.6225
-1.6505
-1.6352
-1.6505
-1.6505
-1.625
-1.6199
-1.6454
-1.625
-1.5996
-1.597
-1.5766
-1.5817
-1.5715
-1.569
-1.5588
-1.5613
-1.5639
-1.5537
-1.5333
-1.5461
-1.5435
-1.5435
-1.5435
-1.541
-1.5512
-1.541
-1.5181
-1.5282
-1.5028
-1.5308
-1.5257
-1.5079
-1.5079
-1.5053
-1.4544
-1.4442
-1.4111
-1.4136
-1.4238
-1.3882
-1.3627
-1.3525
-1.3423
-1.3372
-1.3245
-1.3016
-1.2939
-1.2786
-1.2812
-1.2659
-1.271
-1.2404
-1.2201
-1.2048
-1.1717
-1.1411
-1.1309
-1.1233
-1.1284
-1.1004
-1.0876
-1.0876
-1.0596
-1.052
-1.052
-1.0469
-1.0596
-1.0469
-1.0367
-1.0163
-1.0036
-0.99084
-0.945
-0.92717
-0.91443
-0.88897
-0.89661
-0.88132
-0.85331
-0.88132
-0.87368
-0.84567
-0.84057
-0.8202
-0.78709
-0.75398
-0.71578
-0.72087
-0.70813
-0.68267
-0.66738
-0.63682
-0.61135
-0.56805
-0.56805
-0.5273
-0.5273
-0.5324
-0.50438
-0.51457
-0.46108
-0.43307
-0.42288
-0.39486
-0.35157
-0.3261
-0.29299
-0.26243
-0.2446
-0.24714
-0.2395
-0.20639
-0.17328
-0.158
-0.12744
-0.091783
-0.096876
-0.06886
-0.045938
-0.025563
0.0050001
-0.012828
0.012641
0.0024532
0.017735
0.022828
0.030469
0.040657
0.073767
0.07886
0.07122
0.063579
0.058485
0.063579
0.083954
0.12216
0.168
0.17819
0.19347
0.20111
0.20621
0.22149
0.23168
0.26478
0.27497
0.31572
0.331
0.35647
0.36157
0.3794
0.38194
0.39468
0.42779
0.43288
0.45835
0.49401
0.50674
0.5373
0.53221
0.53221
0.56787
0.57296
0.5806
0.59079
0.5806
0.6239
0.62135
0.67993
0.68248
0.67993
0.68503
0.69776
0.69776
0.71304
0.70285
0.71304
0.69012
0.69012
0.71559
0.71049
0.74106
0.77162
0.81237
0.83275
0.83275
0.83784
0.8735
0.87859
0.88114
0.90915
0.91425
0.89897
0.90915
0.9117
0.91679
0.93208
0.92698
0.93972
0.96519
0.955
0.95754
0.96009
0.95754
0.96519
0.96264
0.955
0.98047
0.9932
1.0059
1.0212
1.0034
1.0263
1.0416
1.062
1.0747
1.0772
1.0492
1.09
1.0772
1.1155
1.1078
1.1129
1.1409
1.1435
1.1588
1.1511
1.1511
1.1766
1.1766
1.1791
1.197
1.1995
1.2097
1.2097
1.2275
1.2199
1.2453
1.2428
1.2632
1.2708
1.2861
1.2759
1.2708
1.2734
1.2886
1.2734
1.2785
1.2886
1.2785
1.2657
1.2886
1.2963
1.3116
1.3192
1.3014
1.3141
1.3065
1.3065
1.3294
1.3345
1.3472
1.3319
1.3421
1.3498
1.3498
1.3447
1.3574
1.3421
1.3294
1.3014
1.309
1.3116
1.3192
1.2988
1.3065
1.3167
1.337
1.337
1.3421
1.3472
1.3803
1.3727
1.3956
1.3574
1.3651
1.3778
1.3727
1.3727
1.3829
1.2734
1.2963
1.3014
1.2453
1.4109
1.4058
1.4109
1.4236
1.4033
1.4211
1.4083
1.3982
1.388
1.4083
1.3982
1.3905
1.4033
1.4211
1.4236
1.4058
1.4236
1.4185
1.4262
1.4542
1.4669
1.4618
1.4644
1.444
1.444
1.4466
1.444
1.4185
1.4389
1.4364
1.4389
1.444
1.4262
1.4338
1.4415
1.4491
1.4593
1.4491
1.4262
1.4389
1.4185
1.4236
1.4262
1.444
1.4364
1.4364
1.4415
1.4567
1.4593
1.4695
1.4567
1.4644
1.4695
1.4746
1.4771
1.5102
1.4822
1.4593
1.4058
1.337
1.4415
1.2683
1.0722
1.0823
1.7904
1.5535
1.4466
1.4236
1.444
1.3829
1.2122
1.2759
1.2886
1.2785
1.3243
1.4185
1.5128
1.5281
1.6146
1.5841
1.6248
1.7929
1.6681
1.444
1.444
1.4364
1.4211
1.4313
1.4567
1.6758
1.5994
1.1333
1.4542
1.4695
1.4822
1.4822
1.4567
1.4618
1.4389
1.4134
1.3778
1.3294
1.3243
1.3039
1.2708
1.253
1.2428
1.1791
1.174
1.1358
1.118
1.0976
1.1231
1.1205
1.0976
1.0925
1.1027
1.039
1.0289
1.0238
1.0161
1.0008
1.0085
0.955
0.93462
0.92698
0.90151
0.90915
0.92443
0.93717
0.92698
0.97792
1.034
1.09
1.1256
1.1282
1.146
1.1664
1.1817
1.1791
1.174
1.1537
1.1511
1.1435
1.1409
1.1511
1.1104
1.0976
1.1002
1.0823
1.0492
1.0212
1.0212
1.0034
1.0136
0.97028
0.95245
0.92189
0.91934
0.91679
0.89897
0.92189
0.94226
0.95245
0.98556
0.98556
1.011
1.0085
1.0085
1.0187
1.0085
1.0187
1.0238
1.0136
1.011
1.0136
0.99065
1.0059
1.0008
0.99065
1.0008
0.98301
0.98301
0.9983
1.0136
1.0238
1.0238
1.0059
1.0161
1.0238
1.034
1.0569
1.062
1.0747
1.0594
1.0951
1.1205
1.1256
1.1384
1.1307
1.1384
1.1486
1.1664
1.1791
1.1588
1.202
1.2148
1.1409
1.1282
1.1155
1.1078
1.0951
1.0951
1.0722
1.0874
1.0849
1.1002
1.09
1.0874
1.1053
1.0976
1.1129
1.1333
1.1231
1.118
1.1002
1.1027
1.1002
1.09
1.0747
1.062
1.0569
1.0594
1.0772
1.1129
1.1486
1.1231
1.1205
1.1231
1.1231
1.1256
1.1307
1.1205
1.1282
1.1027
1.1053
1.0976
1.0747
1.0696
1.062
1.0518
1.0365
1.011
0.98556
0.97792
0.95754
0.96519
0.94736
0.91934
0.90661
0.90151
0.9117
0.90661
0.91425
0.90661
0.91425
0.92189
0.90915
0.90406
0.89387
0.87095
0.88114
0.8735
0.86331
0.8684
0.86076
0.84548
0.86076
0.84039
0.83529
0.82511
0.80218
0.80473
0.80218
0.79964
0.80473
0.82256
0.7869
0.80218
0.792
0.80982
0.82001
0.80218
0.7869
0.79454
0.80473
0.78435
0.8302
0.81746
0.81492
0.82256
0.80982
0.82256
0.792
0.76907
0.76398
0.77926
0.77926
0.7436
0.74615
0.75124
0.73851
0.75124
0.73851
0.74106
0.72323
0.74106
0.73342
0.72068
0.7436
0.73596
0.73851
0.72578
0.71304
0.72068
0.7054
0.68248
0.66465
0.65192
0.66974
0.66465
0.65701
0.67738
0.65956
0.66465
0.64173
0.62899
0.63663
0.6239
0.63409
0.60352
0.59334
0.58824
0.59334
0.60607
0.59079
0.60352
0.60352
0.59843
0.61371
0.59079
0.5806
0.58824
0.57551
0.59079
0.60862
0.59079
0.59079
0.57805
0.58315
0.57296
0.55004
0.55513
0.55768
0.55004
0.50674
0.49401
0.50165
0.49655
0.48891
0.51438
0.50419
0.48382
0.46599
0.46344
0.45835
0.45835
0.44307
0.42524
0.44816
0.44562
0.44307
0.4558
0.46344
0.4609
0.48637
0.46344
0.44307
0.44816
0.43288
0.43033
0.43543
0.42269
0.44052
0.43033
0.40741
0.41505
0.39468
0.40996
0.36411
0.36921
0.33865
0.31827
0.32591
0.30808
0.31572
0.31572
0.28771
0.28007
0.30044
0.2928
0.30554
0.30554
0.29789
0.29535
0.28771
0.30808
0.28771
0.29535
0.29789
0.2928
0.27497
0.28261
0.29025
0.28771
0.27752
0.26988
0.24186
0.21385
0.17819
0.19347
0.19602
0.18328
0.19857
0.18583
0.17564
0.18583
0.14253
0.1298
0.15781
0.13489
0.15017
0.15017
0.168
0.15272
0.15017
0.15272
0.13999
0.1247
0.11961
0.11452
0.13235
0.13235
0.11452
0.11961
0.14763
0.14508
0.15017
0.15527
0.15272
0.17055
0.11197
0.1298
0.089048
0.081407
0.081407
0.083954
0.063579
0.073767
0.068673
0.053391
0.076314
0.063579
0.048298
0.058485
0.063579
0.063579
0.063579
0.076314
0.043204
0.061032
0.045751
0.068673
0.068673
0.053391
0.07122
0.073767
0.073767
0.073767
0.066126
0.096689
0.10688
0.1298
0.14508
0.14253
0.13489
0.14763
0.15017
0.13744
0.15781
0.17819
0.19092
0.19602
0.18583
0.17055
0.21894
0.22658
0.23168
0.22913
0.25714
0.22913
0.26224
0.28261
0.28261
0.28771
0.29025
0.31572
0.31318
0.30554
0.26988
0.26478
0.2495
0.24186
0.25969
0.2495
0.24186
0.23168
0.22403
0.23168
0.21385
0.21894
0.20621
0.18583
0.18074
0.18328
0.16546
0.15527
0.17819
0.17055
0.15527
0.17055
0.16291
0.17819
0.16291
0.15272
0.17055
0.15272
0.15527
0.13235
0.1298
0.13235
0.081407
0.094142
0.11706
0.086501
0.063579
0.068673
0.068673
0.048298
0.050844
0.030469
0.020282
0.010094
0.007547
0.010094
0.0050001
-0.0077345
-0.06886
-0.076501
-0.081595
-0.076501
-0.089236
-0.10452
-0.1198
-0.12999
-0.14017
-0.14527
-0.16819
-0.16564
-0.17583
-0.17838
-0.18092
-0.19111
-0.21403
-0.20385
-0.19111
-0.19111
-0.21658
-0.20639
-0.21403
-0.19366
-0.22422
-0.23186
-0.26243
-0.25988
-0.2395
-0.26243
-0.27771
-0.29808
-0.29808
-0.33119
-0.34902
-0.3643
-0.3643
-0.36175
-0.3643
-0.38722
-0.43816
-0.42288
-0.41779
-0.42288
-0.42288
-0.43816
-0.44326
-0.44071
-0.46618
-0.47637
-0.46618
-0.48655
-0.49165
-0.50438
-0.50693
-0.4891
-0.50948
-0.49929
-0.49419
-0.48146
-0.50693
-0.51202
-0.5324
-0.52221
-0.56805
-0.57824
-0.5757
-0.56041
-0.55277
-0.56296
-0.59862
-0.58588
-0.62409
-0.61899
-0.62154
-0.61899
-0.63682
-0.6139
-0.63427
-0.63427
-0.64446
-0.64701
-0.63937
-0.62918
-0.66229
-0.6572
-0.66738
-0.66484
-0.6521
-0.65465
-0.65465
-0.68776
-0.6954
-0.70049
-0.69795
-0.68521
-0.67502
-0.66993
-0.68776
-0.67757
-0.68267
-0.70304
-0.71068
-0.71578
-0.71323
-0.7336
-0.73106
-0.72596
-0.72342
-0.70049
-0.70559
-0.73106
-0.72342
-0.71068
-0.72087
-0.74634
-0.73615
-0.74379
-0.75398
-0.76162
-0.74889
-0.75143
-0.76926
-0.74124
-0.7387
-0.74889
-0.7387
-0.72596
-0.73106
-0.72851
-0.75398
-0.7336
-0.74889
-0.76162
-0.72342
-0.71578
-0.70304
-0.66229
-0.66484
-0.6521
-0.64701
-0.64192
-0.63682
-0.65465
-0.63682
-0.66229
-0.65465
-0.6521
-0.6572
-0.68012
-0.68776
-0.68267
-0.6521
-0.64701
-0.62154
-0.60371
-0.60116
-0.58334
-0.58334
-0.55787
-0.56551
-0.53494
-0.5273
-0.49165
-0.39486
-0.29808
-0.23696
-0.16819
-0.11725
-0.094329
-0.073954
-0.06122
-0.048485
-0.06122
-0.033204
-0.023016
-0.017922
-0.0077345
-0.0077345
-0.0077345
-0.02811
-0.017922
-0.017922
-0.023016
-0.0077345
-0.033204
-0.040844
-0.051032
-0.056126
-0.076501
-0.066313
-0.058673
-0.043391
-0.051032
-0.03575
0.015188
0.11197
0.16036
0.15781
0.14763
0.1731
0.168
0.17564
0.18328
0.17819
0.15527
0.15527
0.15272
0.1298
0.13489
0.16036
0.14508
0.1298
0.10942
0.10433
0.12216
0.11706
0.11452
0.10178
0.086501
0.089048
0.091595
0.07122
0.066126
0.14763
0.2495
0.28516
0.331
0.34883
0.35647
0.37685
0.3743
0.3743
0.35138
0.34374
0.34374
0.34119
0.32591
0.31318
0.29789
0.28516
0.26988
0.2546
0.24186
0.22658
0.21385
0.19857
0.18328
0.17055
0.15527
0.14253
0.12725
